0 34 19.00
0 46 3.29
0 6 10.37
1 15 11.80
1 27 11.36
1 31 10.55
1 32 12.88
1 33 19.25
1 44 2.58
1 5 9.59
10 18 16.21
10 25 10.39
10 32 9.35
10 35 2.52
10 42 0.21
10 44 17.61
11 0 15.45
11 12 1.55
11 14 18.50
11 27 13.44
11 42 13.16
11 43 0.89
11 6 7.10
12 1 15.12
12 37 0.47
12 39 11.69
12 43 19.05
12 45 8.01
12 46 2.79
12 5 0.06
13 14 2.94
13 19 7.20
13 31 18.10
13 34 4.80
13 35 16.11
13 45 17.35
13 7 10.80
13 9 13.87
14 16 11.09
14 17 9.64
14 24 4.24
14 26 3.86
14 34 9.80
14 35 3.96
14 36 6.40
14 7 19.81
14 9 3.07
15 11 14.08
15 20 18.35
15 27 9.44
15 28 9.65
15 34 7.40
15 35 13.05
16 23 12.40
16 4 10.46
16 6 18.11
16 8 16.18
17 16 15.24
17 27 11.33
17 29 19.66
17 39 11.50
17 41 4.87
18 13 16.45
18 19 2.51
18 28 6.64
18 4 9.00
18 45 12.29
19 22 6.40
19 37 2.85
19 42 6.80
19 6 1.58
2 10 10.46
2 21 8.85
2 39 9.19
20 31 9.30
20 33 11.08
20 38 3.14
20 39 8.72
20 44 0.66
20 9 8.61
21 0 4.96
21 25 9.66
22 14 13.34
22 21 10.41
22 28 15.53
22 3 14.15
23 15 5.69
23 19 14.33
23 24 1.17
23 3 15.56
24 12 2.53
24 4 11.42
24 42 18.14
24 45 19.37
24 46 7.40
25 1 7.28
25 2 17.31
25 29 17.40
25 30 7.51
25 32 18.52
25 33 7.67
25 35 15.49
25 37 2.63
25 42 8.06
26 11 16.94
26 20 4.19
26 30 3.21
26 37 1.16
26 43 7.02
27 4 13.04
27 45 6.51
28 11 10.66
28 13 11.04
28 18 6.53
28 30 15.20
29 15 3.10
29 21 12.10
29 25 11.10
29 3 14.85
29 40 6.60
3 15 10.20
3 27 8.40
3 42 1.68
3 5 11.24
3 8 19.05
30 1 19.04
30 24 10.70
30 25 9.81
30 35 1.89
30 37 3.79
30 39 5.82
30 4 11.32
30 9 13.14
31 1 10.09
31 17 17.28
31 2 14.17
31 5 2.35
32 11 18.59
32 14 9.95
32 22 2.47
32 3 13.17
32 4 8.12
32 40 9.04
32 43 11.87
32 45 0.37
33 16 11.60
33 35 4.17
33 8 4.29
34 0 15.18
34 15 6.21
34 16 2.54
34 18 0.90
34 2 8.31
34 47 19.27
35 13 13.80
35 17 11.39
35 36 9.01
35 38 17.90
35 42 13.48
36 13 13.40
36 15 19.27
36 17 3.22
36 31 7.21
36 41 15.19
36 44 17.51
36 46 0.95
36 47 9.25
37 11 1.03
37 13 12.39
37 21 9.74
37 33 12.51
37 38 4.89
38 0 4.13
38 39 17.03
38 4 17.42
38 41 13.55
38 44 2.19
38 47 7.18
38 5 18.66
39 13 19.10
39 15 5.64
39 23 17.59
39 32 8.61
39 35 19.61
39 5 8.77
4 2 12.24
4 28 1.77
4 32 18.00
4 34 0.36
4 38 19.31
4 5 13.34
4 7 0.69
40 13 16.47
40 30 9.07
40 31 13.89
40 38 7.75
40 44 0.91
40 45 13.85
41 12 14.35
41 13 19.42
41 16 2.35
41 18 3.13
41 3 11.90
41 31 5.44
41 36 13.69
41 38 17.65
41 39 16.77
42 18 11.28
42 32 1.85
42 46 0.24
42 5 9.20
42 6 1.82
42 9 19.23
43 0 14.38
43 1 7.75
43 27 1.68
43 33 14.61
43 35 7.60
43 41 6.42
43 46 5.27
43 5 19.18
44 13 11.24
44 24 0.66
44 39 13.08
44 7 16.40
44 8 11.81
45 13 8.42
45 15 15.06
45 17 3.14
45 21 9.66
45 24 12.64
45 28 8.33
45 42 12.82
45 44 19.24
45 6 16.75
46 26 2.50
46 32 5.69
46 36 3.16
46 5 5.91
46 9 11.11
47 1 15.47
47 2 10.49
47 22 16.15
47 38 0.12
47 41 10.10
47 46 11.51
47 8 2.08
47 9 1.31
5 13 12.21
5 31 13.14
5 36 13.31
5 7 7.43
6 15 9.07
6 20 0.24
6 27 11.10
6 29 2.46
6 38 18.81
6 40 9.04
6 46 1.88
7 0 9.23
7 1 1.70
7 13 8.13
7 17 12.19
7 2 7.60
7 23 0.86
7 30 8.99
7 37 19.99
7 43 17.63
8 18 5.25
8 40 15.98
8 41 11.44
8 47 1.68
9 1 15.30
9 15 9.80
9 25 8.68
